c
1448 1448 1448 1448 1448 1448 1448 1448
2008 1702 1137 399 -399 -1137 -1702 -2008
1892 783 -783 -1892 -1892 -783 783 1892
1702 -399 -2008 -1137 1137 2008 399 -1702
1448 -1448 -1448 1448 1448 -1448 -1448 1448
1137 -2008 399 1702 -1702 -399 2008 -1137
783 -1892 1892 -783 -783 1892 -1892 783
399 -1137 1702 -2008 2008 -1702 1137 -399
S'
560 65524 0 0 0 0 0 0
65524 8 0 16 16 0 0 0
0 8 0 65520 0 0 0 0
8 65520 65520 0 0 0 0 0
0 16 0 0 0 0 0 0
16 0 0 0 0 0 0 0 
0 0 0 0 0 0 0 0
0 0 0 0 0 0 0 0



T
 132383072.000  112332728.000   75311668.000   26954956.000  -25333196.000  -73689908.000 -110710968.000 -130761312.000
  94945216.000   94862816.000   94832552.000   94886920.000   94916920.000   94878616.000   94848352.000   94858624.000
 111531104.000  -26128864.000 -131555064.000  -74493048.000   74493048.000  131555064.000   26128864.000 -111531104.000
 255539584.000  162828784.000   23205664.000  -97809776.000 -150094736.000 -125786816.000  -60201296.000   -7588736.000
     32128.000      27232.000      18192.000       6384.000      -6384.000     -18192.000     -27232.000     -32128.000
     23168.000      23168.000      23168.000      23168.000      23168.000      23168.000      23168.000      23168.000
         0.000          0.000          0.000          0.000          0.000          0.000          0.000          0.000
         0.000          0.000          0.000          0.000          0.000          0.000          0.000          0.000



T after division
517121 438799 294186 105292 -98957 -287851 -432464 -510786
370879 370557 370439 370652 370769 370619 370501 370541
435668 -102065 -513886 290988 290988 513886 102065 435668
998201 636049 90647 -382069 -586307 -491354 -235161 -29643
125 106 71 24 -24 -71 -106 -125
90 90 90 90 90 90 90 90
0 0 0 0 0 0 0 0
0 0 0 0 0 0 0 0

C transpose
1448.000  2008.000  1892.000  1702.000  1448.000  1137.000   783.000   399.000
 1448.000  1702.000   783.000  -399.000 -1448.000 -2008.000 -1892.000 -1137.000
 1448.000  1137.000  -783.000 -2008.000 -1448.000   399.000  1892.000  1702.000
 1448.000   399.000 -1892.000 -1137.000  1448.000  1702.000  -783.000 -2008.000
 1448.000  -399.000 -1892.000  1137.000  1448.000 -1702.000  -783.000  2008.000
 1448.000 -1137.000  -783.000  2008.000 -1448.000  -399.000  1892.000 -1702.000
 1448.000 -1702.000   783.000   399.000 -1448.000  2008.000 -1892.000  1137.000
 1448.000 -2008.000  1892.000 -1702.000  1448.000 -1137.000   783.000  -399.000


final before division
 4017021528.000  2269163644.000   352036860.000   797136972.000   153936776.000   463382030.000   -89430064.000   778181000.000
 1322511391.000   932034312.000   617644087.000  1163386183.000   949393231.000   812330362.000   178103732.000   243998535.000
-1175180111.000  -140682814.000  1067457135.000  1113246246.000  1227806131.000   588990367.000   187527556.000  -599701001.000
-1062132284.000   253459130.000  1443249150.000   184404053.000   120847286.000  -682483709.000  -404107204.000 -1382379854.000
  911508988.000  1403823710.000  1353463746.000  -980507509.000 -1508594854.000 -2095883027.000 -1234829476.000 -1745786114.000
 1990144439.000  1570971532.000   589045381.000 -1264077326.000 -1970003307.000 -2227146723.000 -1599470114.000 -1561429343.000
  856965113.000   178586826.000  -570632523.000  -402842847.000  -780215991.000  -840995766.000 -1270378710.000 -1040616703.000
 -870509400.000 -1384308724.000 -1444413212.000   608956756.000   660512840.000   647340482.000  -777078696.000  -609211544.000